camera_dev: 0
camera_px_width: 640
camera_px_height: 480
pix2mm: 1.002142315
annotate_image: true
use_mouse_waypoints: true
camera_matrix: [660.65291651,   0.,         329.51950437, 0.,         660.26472554, 230.99662871, 0., 0., 1.]
distortion_coeffs: [6.24387997e-02, -1.32594787e+00,  2.23009501e-03,  3.00757764e-03, 4.11235949e+00]